1e-07
1.1e-07
1.2e-07
1.3e-07
1.4e-07
1.5e-07
1.6e-07
1.7e-07
1.8e-07
1.9e-07
2e-07
2.1e-07
2.2e-07
2.3e-07
2.4e-07
2.5e-07
2.6e-07
2.7e-07
2.8e-07
2.9e-07
3e-07
3.1e-07
3.2e-07
3.3e-07
3.4e-07
3.5e-07
3.6e-07
3.7e-07
3.8e-07
3.9e-07
4e-07
4.1e-07
4.2e-07
4.3e-07
4.4e-07
4.5e-07
4.6e-07
4.7e-07
4.8e-07
4.9e-07
5e-07
5.1e-07
5.2e-07
5.3e-07
5.4e-07
5.5e-07
5.6e-07
5.7e-07
5.8e-07
5.9e-07
6e-07
6.1e-07
6.2e-07
6.3e-07
6.4e-07
6.5e-07
6.6e-07
6.7e-07
6.8e-07
6.9e-07
7e-07
7.1e-07
7.2e-07
7.3e-07
7.4e-07
7.5e-07
7.6e-07
7.7e-07
7.8e-07
7.9e-07
8e-07
8.1e-07
8.2e-07
8.3e-07
8.4e-07
8.5e-07
8.6e-07
8.7e-07
8.8e-07
8.9e-07
9e-07
9.1e-07
9.2e-07
9.3e-07
9.4e-07
9.5e-07
9.6e-07
9.7e-07
9.8e-07
9.9e-07
1e-06
1.1e-06
1.2e-06
1.3e-06
1.4e-06
1.5e-06
1.6e-06
1.7e-06
1.8e-06
1.9e-06
2e-06
2.1e-06
2.2e-06
2.3e-06
2.4e-06
2.5e-06
2.6e-06
2.7e-06
2.8e-06
2.9e-06
3e-06
3.1e-06
3.2e-06
3.3e-06
3.4e-06
3.5e-06
3.6e-06
3.7e-06
3.8e-06
3.9e-06
4e-06
4.1e-06
4.2e-06
4.3e-06
4.4e-06
4.5e-06
4.6e-06
4.7e-06
4.8e-06
4.9e-06
5e-06
5.1e-06
5.2e-06
5.3e-06
5.4e-06
5.5e-06
5.6e-06
5.7e-06
5.8e-06
5.9e-06
6e-06
6.1e-06
6.2e-06
6.3e-06
6.4e-06
6.5e-06
6.6e-06
6.7e-06
6.8e-06
6.9e-06
7e-06
7.1e-06
7.2e-06
7.3e-06
7.4e-06
7.5e-06
7.6e-06
7.7e-06
7.8e-06
7.9e-06
8e-06
8.1e-06
8.2e-06
8.3e-06
8.4e-06
8.5e-06
8.6e-06
8.7e-06
8.8e-06
8.9e-06
9e-06
9.1e-06
9.2e-06
9.3e-06
9.4e-06
9.5e-06
9.6e-06
9.7e-06
9.8e-06
9.9e-06
1e-05
1.1e-05
1.2e-05
1.3e-05
1.4e-05
1.5e-05
1.6e-05
1.7e-05
1.8e-05
1.9e-05
2e-05
2.1e-05
2.2e-05
2.3e-05
2.4e-05
2.5e-05
2.6e-05
2.7e-05
2.8e-05
2.9e-05
3e-05
3.1e-05
3.2e-05
3.3e-05
3.4e-05
3.5e-05
3.6e-05
3.7e-05
3.8e-05
3.9e-05
4e-05
4.1e-05
4.2e-05
4.3e-05
4.4e-05
4.5e-05
4.6e-05
4.7e-05
4.8e-05
4.9e-05
5e-05
5.1e-05
5.2e-05
5.3e-05
5.4e-05
5.5e-05
5.6e-05
5.7e-05
5.8e-05
5.9e-05
6e-05
6.1e-05
6.2e-05
6.3e-05
6.4e-05
6.5e-05
6.6e-05
6.7e-05
6.8e-05
6.9e-05
7e-05
7.1e-05
7.2e-05
7.3e-05
7.4e-05
7.5e-05
7.6e-05
7.7e-05
7.8e-05
7.9e-05
8e-05
8.1e-05
8.2e-05
8.3e-05
8.4e-05
8.5e-05
8.6e-05
8.7e-05
8.8e-05
8.9e-05
9e-05
9.1e-05
9.2e-05
9.3e-05
9.4e-05
9.5e-05
9.6e-05
9.7e-05
9.8e-05
9.9e-05
0.0001
0.00011
0.00012
0.00013
0.00014
0.00015
0.00016
0.00017
0.00018
0.00019
0.0002
0.00021
0.00022
0.00023
0.00024
0.00025
0.00026
0.00027
0.00028
0.00029
0.0003
0.00031
0.00032
0.00033
0.00034
0.00035
0.00036
0.00037
0.00038
0.00039
0.0004
0.00041
0.00042
0.00043
0.00044
0.00045
0.00046
0.00047
0.00048
0.00049
0.0005
0.00051
0.00052
0.00053
0.00054
0.00055
0.00056
0.00057
0.00058
0.00059
0.0006
0.00061
0.00062
0.00063
0.00064
0.00065
0.00066
0.00067
0.00068
0.00069
0.0007
0.00071
0.00072
0.00073
0.00074
0.00075
0.00076
0.00077
0.00078
0.00079
0.0008
0.00081
0.00082
0.00083
0.00084
0.00085
0.00086
0.00087
0.00088
0.00089
0.0009
0.00091
0.00092
0.00093
0.00094
0.00095
0.00096
0.00097
0.00098
0.00099
0.001
0.0011
0.0012
0.0013
0.0014
0.0015
0.0016
0.0017
0.0018
0.0019
0.002
0.0021
0.0022
0.0023
0.0024
0.0025
0.0026
0.0027
0.0028
0.0029
0.003
0.0031
0.0032
0.0033
0.0034
0.0035
0.0036
0.0037
0.0038
0.0039
0.004
0.0041
0.0042
0.0043
0.0044
0.0045
0.0046
0.0047
0.0048
0.0049
0.005
0.0051
0.0052
0.0053
0.0054
0.0055
0.0056
0.0057
0.0058
0.0059
0.006
0.0061
0.0062
0.0063
0.0064
0.0065
0.0066
0.0067
0.0068
0.0069
0.007
0.0071
0.0072
0.0073
0.0074
0.0075
0.0076
0.0077
0.0078
0.0079
0.008
0.0081
0.0082
0.0083
0.0084
0.0085
0.0086
0.0087
0.0088
0.0089
0.009
0.0091
0.0092
0.0093
0.0094
0.0095
0.0096
0.0097
0.0098
0.0099
0.01
0.011
0.012
0.013
0.014
0.015
0.016
0.017
0.018
0.019
0.02
0.021
0.022
0.023
0.024
0.025
0.026
0.027
0.028
0.029
0.03
0.031
0.032
0.033
0.034
0.035
0.036
0.037
0.038
0.039
0.04
0.041
0.042
0.043
0.044
0.045
0.046
0.047
0.048
0.049
0.05
0.051
0.052
0.053
0.054
0.055
0.056
0.057
0.058
0.059
0.06
0.061
0.062
0.063
0.064
0.065
0.066
0.067
0.068
0.069
0.07
0.071
0.072
0.073
0.074
0.075
0.076
0.077
0.078
0.079
0.08
0.081
0.082
0.083
0.084
0.085
0.086
0.087
0.088
0.089
0.09
0.091
0.092
0.093
0.094
0.095
0.096
0.097
0.098
0.099
0.1
0.11
0.12
0.13
0.14
0.15
0.16
0.17
0.18
0.19
0.2
0.21
0.22
0.23
0.24
0.25
0.26
0.27
0.28
0.29
0.3
0.31
0.32
0.33
0.34
0.35
0.36
0.37
0.38
0.39
0.4
0.41
0.42
0.43
0.44
0.45
0.46
0.47
0.48
0.49
0.5
0.51
0.52
0.53
0.54
0.55
0.56
0.57
0.58
0.59
0.6
0.61
0.62
0.63
0.64
0.65
0.66
0.67
0.68
0.69
0.7
0.71
0.72
0.73
0.74
0.75
0.76
0.77
0.78
0.79
0.8
0.81
0.82
0.83
0.84
0.85
0.86
0.87
0.88
0.89
0.9
0.91
0.92
0.93
0.94
0.95
0.96
0.97
0.98
0.99
1
1.1
1.2
1.3
1.4
1.5
1.6
1.7
1.8
1.9
2
2.1
2.2
2.3
2.4
2.5
2.6
2.7
2.8
2.9
3
3.1
3.2
3.3
3.4
3.5
3.6
3.7
3.8
3.9
4
4.1
4.2
4.3
4.4
4.5
4.6
4.7
4.8
4.9
5
5.1
5.2
5.3
5.4
5.5
5.6
5.7
5.8
5.9
6
6.1
6.2
6.3
6.4
6.5
6.6
6.7
6.8
6.9
7
7.1
7.2
7.3
7.4
7.5
7.6
7.7
7.8
7.9
8
8.1
8.2
8.3
8.4
8.5
8.6
8.7
8.8
8.9
9
9.1
9.2
9.3
9.4
9.5
9.6
9.7
9.8
9.9
10
11
12
13
14
15
16
17
18
19
20
21
22
23
24
25
26
27
28
29
30
31
32
33
34
35
36
37
38
39
40
41
42
43
44
45
46
47
48
49
50
51
52
53
54
55
56
57
58
59
60
61
62
63
64
65
66
67
68
69
70
71
72
73
74
75
76
77
78
79
80
81
82
83
84
85
86
87
88
89
90
91
92
93
94
95
96
97
98
99
100
110
120
130
140
150
160
170
180
190
200
210
220
230
240
250
260
270
280
290
300
310
320
330
340
350
360
370
380
390
400
410
420
430
440
450
460
470
480
490
500
510
520
530
540
550
560
570
580
590
600
610
620
630
640
650
660
670
680
690
700
710
720
730
740
750
760
770
780
790
800
810
820
830
840
850
860
870
880
890
900
910
920
930
940
950
960
970
980
990
1000
1100
1200
1300
1400
1500
1600
1700
1800
1900
2000
2100
2200
2300
2400
2500
2600
2700
2800
2900
3000
3100
3200
3300
3400
3500
3600
3700
3800
3900
4000
4100
4200
4300
4400
4500
4600
4700
4800
4900
5000
5100
5200
5300
5400
5500
5600
5700
5800
5900
6000
6100
6200
6300
6400
6500
6600
6700
6800
6900
7000
7100
7200
7300
7400
7500
7600
7700
7800
7900
8000
8100
8200
8300
8400
8500
8600
8700
8800
8900
9000
9100
9200
9300
9400
9500
9600
9700
9800
9900
